dataname	type	hierarchy_level	satellite_order	satellite_of	smallplanet_color	orbit_color	diameter_km	shape	mass_kg	gravity_at_surface	semi_major_axis	orbital_period_days	inclination_degrees	eccentricity	rotaton_period_days	discovered_year	athmospheric_surface_pressure_pa	athmospheric_nitrogen	athmospheric_oxygen	athmospheric_carbondioxide	athmospheric_helium	athmospheric_hydrogen	ground_coal	ground_ice	ground_iron	ground_fossil fuel	ground_silicium	ground_nuclear fuel	picture_ready	notes	copyright
datatype	string	int	int	string	tuple	tuple	int	string	int	float	int	float	float	float	float	int	float	float	float	float	float	float	float	float	float	float	float	float	string	string	string
sun	star	0	NA	NA	255 255 0	50 50 50	1392000	sphere	1989100000000000000000000000000	27.9621801680	NA	NA	NA	NA	NA	NA	0	0	0	0	0	0	0	0.066117179	0.976296781	0	0.44011538	0.326592585	NA	NA	NA
mercury	terrestrial	1	1	sun	205 149 12	100 100 100	4873	sphere	358416000000000000000000	0.4111729393	58343176	87.6	3.380	0.206	58.640	NA	0	0	0	0	0	0	0	0.086878104	0.282975989	0	0.784580036	0.470936388	NA	Ok. Chose the one name mercury3 originally	NA
venus	terrestrial	1	2	sun	205 55 0	100 100 100	12105	sphere	4898352000000000000000000	0.9105030974	107710479	226.3	3.860	0.007	243.020	NA	9300000	325500	0	8974500	111.6	0	0	0.109204241	0.908029168	0	0.136837075	0.046208547	ok	Ok. Chose the one named venus2 originally.	NA
earth	terrestrial	1	3	sun	69 139 0	100 100 100	12756	sphere	5973600000000000000000000	1.0000000000	149597888	365	0.000	0.017	1.000	NA	1013000	790950.4	212223.5	384.94	0	0	1	1	1	1	0.320880879	1	ok	Looks very nice	NA
moon	moon	2	2	earth	50 50 50	50 50 50	3476	sphere	73477000000000000000000	0.1656474533	384399	27.32	5.145	0.055	27.320	NA	0	0	0	0	0	0	0	0.10021835	0.606363091	0	0.612563758	0.214498489	ok	Would benefit a lot from shading	NA
International Space Station	space_station	2	1	earth	50 50 50	50 50 50	1	iregular	277595	0.0000000000	6720	0.063194444	51.600	0.000	0.063	1998	0.000	0	0	0	0	0	0.000	0.000	0.000	0.000	0.000	0.298421109	NA	NA	NA
mars	terrestrial	1	4	sun	255 36 0	100 100 100	6786	sphere	657096000000000000000000	0.3886596190	227388789	686.2	5.650	0.093	1.030	NA	800	21.6	1.6	765.76	0	0	0	0.000746559	0.183022523	0	0.778575822	0.745255551	NA	Looks very nice	NA
phobos	moon	2	1	mars	50 50 50	50 50 50	22	sphere	10700000000000000	0.0005913856	9377	0.318	1.093	0.015	0.318	1877	0	0	0	0	0	0	0	0.001282008	0.898774265	0	0.860621507	0.404935044	ok	Would benefit a lot from shading	NA
deimos	moon	2	2	mars	50 50 50	50 50 50	12	sphere	1480000000000000	0.0002621870	23460	1.26	0.930	0.000	1.260	1877	0	0	0	0	0	0	0	0.326528915	0.12348393	0	0.523874994	0.306532368	ok	Looks very nice	NA
jupiter	gasplanet	1	5	sun	244 164 96	100 100 100	142982	sphere	1898410080000000000000000000	2.5294153777	777909015	4328.9	6.090	0.048	0.410	NA	1013000	0	0	0	103326	909674	0	0.003769843	0.971593372	0	0.226088819	0.311091987	ok	Would benefit a lot from shading	NA
metis	moon	2	1	jupiter	50 50 50	50 50 50	40	iregular	36000000000000000	0.0006128799	127690	0.291666667	0.060	0.000	0.292	1980	0	0	0	0	0	0	0	0.004362495	0.962391818	0	0.141546961	0.094572621	NA	NA	NA
adrastea	moon	2	2	jupiter	50 50 50	50 50 50	16	iregular	2000000000000000	0.0002128055	128690	0.291666667	0.030	0.002	0.292	1979	0	0	0	0	0	0	0	0.0045343	0.087304094	0	0.460949451	0.800311293	NA	NA	NA
amalthea	moon	2	3	jupiter	139 76 57	50 50 50	145	iregular	2080000000000000000	0.0026947608	181366	0.5	0.374	0.003	0.500	1892	0	0	0	0	0	0	0	0.003936184	0.045576036	0	0.356561512	0.891539219	NA	Looks very nice	NA
thebe	moon	2	4	jupiter	50 50 50	50 50 50	100	iregular	430000000000000000	0.0011712816	221889	0.679166667	1.076	0.018	0.679	1980	0	0	0	0	0	0	0	0.004905384	0.374500657	0	0.67670306	0.465642822	NA	NA	NA
io	moon	2	5	jupiter	255 218 185	50 50 50	3660	iregular	89000000000000000000000	0.1809758890	421700	1.769137786	0.050	0.004	1.769	1610	0.0001	0	0	0	0	0.0001	0	0.010355419	0.019804342	0	0.500323694	0.381734187	NA	Looks very nice	NA
europa	moon	2	6	jupiter	224 238 224	50 50 50	3122	sphere	48000000000000000000000	0.1341774754	671034	3.551181041	0.471	0.009	3.551	1610	0	0	0	0	0	0	0	0.008463953	0.247504517	0	0.236148943	0.09890261	NA	Looks very nice	NA
ganymede	moon	2	7	jupiter	50 50 50	50 50 50	5262	sphere	150000000000000000000000	0.1475422593	1070412	7.15455296	0.204	0.001	7.155	1610	0	0	0	0	0	0	0	0.017276846	0.378815685	0	0.331152459	0.821907425	NA	NA	NA
callisto	moon	2	8	jupiter	50 50 50	50 50 50	4821	sphere	110000000000000000000000	0.1289387261	1882709	16.6890184	0.205	0.007	16.689	1610	0	0	0	0	0	0	0	0.021210664	0.073348719	0	0.573648259	0.595741565	NA	Looks very nice	NA
themisto	moon	2	9	jupiter	50 50 50	50 50 50	8	sphere	690000000000000	0.0002936716	7393216	129.87	45.762	0.212	129.870	1975	0	0	0	0	0	0	0	0.03288087	0.944916777	0	0.801143547	0.606587432	NA	NA	NA
leda	moon	2	10	jupiter	50 50 50	50 50 50	10	sphere	11000000000000000	0.0029963019	11187781	241.75	27.562	0.167	241.750	1974	0	0	0	0	0	0	0	0.031737062	0.594839506	0	0.530427458	0.125420907	NA	NA	NA
himalia	moon	2	11	jupiter	50 50 50	50 50 50	170	sphere	6700000000000000000	0.0063149489	11451971	250.37	30.486	0.151	250.370	1904	0	0	0	0	0	0	0	0.043128041	0.471763261	0	0.392517696	0.853891907	NA	NA	NA
lysithea	moon	2	12	jupiter	50 50 50	50 50 50	36	sphere	63000000000000000	0.0013241233	11740560	259.89	27.006	0.132	259.890	1938	0	0	0	0	0	0	0	0.040722451	0.709406761	0	0.415271265	0.873976416	NA	NA	NA
elara	moon	2	13	jupiter	50 50 50	50 50 50	86	sphere	870000000000000000	0.0032041677	11778034	261.14	29.691	0.195	261.140	1905	0	0	0	0	0	0	0	0.023446789	0.624484396	0	0.280050189	0.054901032	NA	NA	NA
s2000j11	moon	2	14	jupiter	50 50 50	50 50 50	4	sphere	90000000000000	0.0001532200	12570424	287.93	27.584	0.206	287.930	2001	0	0	0	0	0	0	0	0.048052718	0.120789811	0	0.380682959	0.876169737	NA	NA	NA
carpo	moon	2	15	jupiter	50 50 50	50 50 50	3	sphere	45000000000000	0.0001361955	17144873	458.62	56.001	0.274	458.620	2003	0	0	0	0	0	0	0	0.030136444	0.890637823	0	0.523118494	0.990414833	NA	NA	NA
s2003j12	moon	2	16	jupiter	50 50 50	50 50 50	1	sphere	1500000000000	0.0000408587	17739539	-482.69	142.680	0.445	-482.690	2003	0	0	0	0	0	0	0	0.052993528	0.22613169	0	0.508502259	0.308710182	NA	NA	NA
euporie	moon	2	17	jupiter	50 50 50	50 50 50	2	sphere	15000000000000	0.0001021467	19088434	-538.78	144.694	0.096	-538.780	2002	0	0	0	0	0	0	0	0.030924117	0.732334063	0	0.998958683	0.266582399	NA	NA	NA
s2003j3	moon	2	18	jupiter	50 50 50	50 50 50	2	sphere	15000000000000	0.0001021467	19621780	-561.52	146.363	0.251	-561.520	2003	0	0	0	0	0	0	0	0.030144481	0.06626079	0	0.872519803	0.51617432	NA	NA	NA
s2003j18	moon	2	19	jupiter	50 50 50	50 50 50	2	sphere	15000000000000	0.0001021467	19812577	-569.73	147.401	0.157	-569.730	2003	0	0	0	0	0	0	0	0.031055719	0.289663621	0	0.09278192	0.80961547	NA	NA	NA
thelxinoe	moon	2	20	jupiter	50 50 50	50 50 50	2	sphere	15000000000000	0.0001021467	20453753	-597.61	151.292	0.268	-597.610	2004	0	0	0	0	0	0	0	0.035754904	0.135398289	0	0.546658628	0.546292418	NA	NA	NA
euanthe	moon	2	21	jupiter	50 50 50	50 50 50	3	sphere	45000000000000	0.0001361955	20464854	-598.09	143.409	0.200	-598.090	2002	0	0	0	0	0	0	0	0.040098713	0.499938114	0	0.282154602	0.875849795	NA	NA	NA
helike	moon	2	22	jupiter	50 50 50	50 50 50	4	sphere	90000000000000	0.0001532200	20540266	-601.4	154.586	0.137	-601.400	2003	0	0	0	0	0	0	0	0.037189458	0.559006194	0	0.950979346	0.520632872	NA	NA	NA
orthosie	moon	2	23	jupiter	50 50 50	50 50 50	2	sphere	15000000000000	0.0001021467	20567971	-602.62	142.366	0.243	-602.620	2002	0	0	0	0	0	0	0	0.030661941	0.468608281	0	0.141667856	0.130663704	NA	NA	NA
iocaste	moon	2	24	jupiter	50 50 50	50 50 50	5	sphere	190000000000000	0.0002070172	20722566	-609.43	147.248	0.287	-609.430	2001	0	0	0	0	0	0	0	0.031792681	0.436481062	0	0.603882129	0.491715984	NA	NA	NA
s2003j16	moon	2	25	jupiter	50 50 50	50 50 50	2	sphere	15000000000000	0.0001021467	20743779	-610.36	150.769	0.318	-610.360	2003	0	0	0	0	0	0	0	0.056306956	0.376781	0	0.308365997	0.871897707	NA	NA	NA
praxidike	moon	2	26	jupiter	50 50 50	50 50 50	7	sphere	430000000000000	0.0002390371	20823948	-613.9	144.205	0.184	-613.900	2001	0	0	0	0	0	0	0	0.034735375	0.371278605	0	0.639712183	0.249012333	NA	NA	NA
harpalyke	moon	2	27	jupiter	50 50 50	50 50 50	4	sphere	120000000000000	0.0002042933	21063814	-624.54	147.223	0.244	-624.540	2001	0	0	0	0	0	0	0	0.036593729	0.163115164	0	0.46400058	0.34432147	NA	NA	NA
mneme	moon	2	28	jupiter	50 50 50	50 50 50	2	sphere	15000000000000	0.0001021467	21129786	-627.48	149.732	0.317	-627.480	2003	0	0	0	0	0	0	0	0.047877277	0.904728365	0	0.135158775	0.563442577	NA	NA	NA
hermippe	moon	2	29	jupiter	50 50 50	50 50 50	4	sphere	90000000000000	0.0001532200	21182086	-629.81	151.242	0.229	-629.810	2002	0	0	0	0	0	0	0	0.035459701	0.738665675	0	0.087245953	0.611230827	NA	NA	NA
thyone	moon	2	30	jupiter	50 50 50	50 50 50	4	sphere	90000000000000	0.0001532200	21405570	-639.8	147.276	0.253	-639.800	2002	0	0	0	0	0	0	0	0.035628498	0.020655704	0	0.681554052	0.424232047	NA	NA	NA
ananke	moon	2	31	jupiter	50 50 50	50 50 50	28	sphere	30000000000000000	0.0010423128	21454952	-642.02	151.564	0.345	-642.020	1951	0	0	0	0	0	0	0	0.041599438	0.0943788	0	0.087607262	0.261164872	NA	NA	NA
s2003j17	moon	2	32	jupiter	50 50 50	50 50 50	2	sphere	15000000000000	0.0001021467	22134306	-672.75	162.490	0.238	-672.750	2003	0	0	0	0	0	0	0	0.049101844	0.193581406	0	0.569703857	0.239821934	NA	NA	NA
aitne	moon	2	33	jupiter	50 50 50	50 50 50	3	sphere	45000000000000	0.0001361955	22285161	-679.64	165.562	0.393	-679.640	2002	0	0	0	0	0	0	0	0.036749312	0.620846462	0	0.988720007	0.059878629	NA	NA	NA
kale	moon	2	34	jupiter	50 50 50	50 50 50	2	sphere	15000000000000	0.0001021467	22409207	-685.32	165.378	0.201	-685.320	2002	0	0	0	0	0	0	0	0.049187122	0.102254082	0	0.152672655	0.957307007	NA	NA	NA
taygete	moon	2	35	jupiter	50 50 50	50 50 50	5	sphere	160000000000000	0.0001743303	22438648	-686.67	164.890	0.368	-686.670	2001	0	0	0	0	0	0	0	0.039846712	0.833631884	0	0.607465356	0.122809952	NA	NA	NA
s2003j19	moon	2	36	jupiter	50 50 50	50 50 50	2	sphere	15000000000000	0.0001021467	22709061	-699.12	164.727	0.196	-699.120	2003	0	0	0	0	0	0	0	0.052256797	0.944805792	0	0.261969255	0.175469883	NA	NA	NA
chaldene	moon	2	37	jupiter	50 50 50	50 50 50	4	sphere	75000000000000	0.0001276833	22713444	-699.33	167.070	0.292	-699.330	2001	0	0	0	0	0	0	0	0.047768028	0.815612444	0	0.44383058	0.814751593	NA	NA	NA
s2003j15	moon	2	38	jupiter	50 50 50	50 50 50	2	sphere	15000000000000	0.0001021467	22720999	-699.68	141.812	0.093	-699.680	2003	0	0	0	0	0	0	0	0.031149115	0.096607093	0	0.663227833	0.933533818	NA	NA	NA
s2003j10	moon	2	39	jupiter	50 50 50	50 50 50	2	sphere	15000000000000	0.0001021467	22730813	-700.13	163.813	0.344	-700.130	2003	0	0	0	0	0	0	0	0.031370352	0.075050465	0	0.577397059	0.793493251	NA	NA	NA
s2003j23	moon	2	40	jupiter	50 50 50	50 50 50	2	sphere	15000000000000	0.0001021467	22739654	-700.54	148.849	0.393	-700.540	2004	0	0	0	0	0	0	0	0.047680952	0.829821458	0	0.898968364	0.734529818	NA	NA	NA
erinome	moon	2	41	jupiter	50 50 50	50 50 50	3	sphere	45000000000000	0.0001361955	22986266	-711.96	163.737	0.255	-711.960	2001	0	0	0	0	0	0	0	0.043429275	0.314682722	0	0.218930578	0.989768797	NA	NA	NA
aoede	moon	2	42	jupiter	50 50 50	50 50 50	4	sphere	90000000000000	0.0001532200	23044175	-714.66	160.482	0.601	-714.660	2003	0	0	0	0	0	0	0	0.061875759	0.300373741	0	0.293738282	0.749782028	NA	NA	NA
kallichore	moon	2	43	jupiter	50 50 50	50 50 50	2	sphere	15000000000000	0.0001021467	23111823	-717.81	164.605	0.204	-717.810	2003	0	0	0	0	0	0	0	0.039419039	0.597326207	0	0.212172211	0.870105628	NA	NA	NA
kalyke	moon	2	44	jupiter	50 50 50	50 50 50	5	sphere	190000000000000	0.0002070172	23180773	-721.02	165.505	0.214	-721.020	2001	0	0	0	0	0	0	0	0.057293543	0.657961364	0	0.688564732	0.104335395	NA	NA	NA
carme	moon	2	45	jupiter	50 50 50	50 50 50	46	sphere	130000000000000000	0.0016734802	23197992	-721.82	165.047	0.234	-721.820	1938	0	0	0	0	0	0	0	0.054480688	0.947849178	0	0.8278331	0.730508631	NA	NA	NA
callirrhoe	moon	2	46	jupiter	50 50 50	50 50 50	9	sphere	870000000000000	0.0002925682	23214986	-722.62	139.849	0.258	-722.620	2000	0	0	0	0	0	0	0	0.044229313	0.412847184	0	0.951172005	0.234506607	NA	NA	NA
eurydome	moon	2	47	jupiter	50 50 50	50 50 50	3	sphere	45000000000000	0.0001361955	23230858	-723.36	149.324	0.377	-723.360	2002	0	0	0	0	0	0	0	0.061018722	0.905343769	0	0.56724977	0.487445033	NA	NA	NA
pasithee	moon	2	48	jupiter	50 50 50	50 50 50	2	sphere	15000000000000	0.0001021467	23307318	-726.93	165.759	0.329	-726.930	2002	0	0	0	0	0	0	0	0.052534449	0.723067277	0	0.087474038	0.525367571	NA	NA	NA
cyllene	moon	2	49	jupiter	50 50 50	50 50 50	2	sphere	15000000000000	0.0001021467	23396269	-731.1	140.148	0.412	-731.100	2003	0	0	0	0	0	0	0	0.058730264	0.516787286	0	0.946869452	0.884583558	NA	NA	NA
eukelade	moon	2	50	jupiter	50 50 50	50 50 50	4	sphere	90000000000000	0.0001532200	23483694	-735.2	163.996	0.283	-735.200	2003	0	0	0	0	0	0	0	0.03548224	0.548451348	0	0.028523264	0.419038626	NA	NA	NA
s2003j4	moon	2	51	jupiter	50 50 50	50 50 50	2	sphere	15000000000000	0.0001021467	23570790	-739.29	147.175	0.300	-739.290	2003	0	0	0	0	0	0	0	0.058171867	0.501918015	0	0.848676869	0.930386456	NA	NA	NA
pasiphae	moon	2	52	jupiter	50 50 50	50 50 50	60	sphere	300000000000000000	0.0022699257	23609042	-741.09	141.803	0.374	-741.090	1908	0	0	0	0	0	0	0	0.044493244	0.671108644	0	0.223879976	0.976778445	NA	NA	NA
hegemone	moon	2	53	jupiter	50 50 50	50 50 50	3	sphere	45000000000000	0.0001361955	23702511	-745.5	152.506	0.408	-745.500	2003	0	0	0	0	0	0	0	0.059300746	0.565905912	0	0.645694595	0.653937645	NA	NA	NA
arche	moon	2	54	jupiter	50 50 50	50 50 50	3	sphere	45000000000000	0.0001361955	23717051	-746.19	164.587	0.149	-746.190	2002	0	0	0	0	0	0	0	0.035928888	0.651358119	0	0.820184106	0.850286062	NA	NA	NA
isonoe	moon	2	55	jupiter	50 50 50	50 50 50	4	sphere	75000000000000	0.0001276833	23800647	-750.13	165.127	0.178	-750.130	2001	0	0	0	0	0	0	0	0.036249927	0.179469733	0	0.277760528	0.976567773	NA	NA	NA
s2003j9	moon	2	56	jupiter	50 50 50	50 50 50	1	sphere	1500000000000	0.0000408587	23857808	-752.84	164.980	0.276	-752.840	2003	0	0	0	0	0	0	0	0.044609034	0.794246148	0	0.431126019	0.875938751	NA	NA	NA
s2003j5	moon	2	57	jupiter	50 50 50	50 50 50	4	sphere	90000000000000	0.0001532200	23973926	-758.34	165.549	0.307	-758.340	2003	0	0	0	0	0	0	0	0.044842409	0.924972572	0	0.591646171	0.638515769	NA	NA	NA
sinope	moon	2	58	jupiter	50 50 50	50 50 50	38	sphere	75000000000000000	0.0014147736	24057865	-762.33	153.778	0.275	-762.330	1914	0	0	0	0	0	0	0	0.033547849	0.697095967	0	0.514825981	0.513510906	NA	NA	NA
sponde	moon	2	59	jupiter	50 50 50	50 50 50	2	sphere	15000000000000	0.0001021467	24252627	-771.6	154.372	0.443	-771.600	2002	0	0	0	0	0	0	0	0.059589864	0.965741901	0	0.155143015	0.364287423	NA	NA	NA
autonoe	moon	2	60	jupiter	50 50 50	50 50 50	4	sphere	90000000000000	0.0001532200	24264445	-772.17	151.058	0.369	-772.170	2002	0	0	0	0	0	0	0	0.048479541	0.893207914	0	0.77347231	0.443595238	NA	NA	NA
kore	moon	2	61	jupiter	50 50 50	50 50 50	2	sphere	15000000000000	0.0001021467	23345093	-776.02	137.371	0.195	-776.020	2003	0	0	0	0	0	0	0	0.045263768	0.904454446	0	0.162746732	0.30543899	NA	NA	NA
megaclite	moon	2	62	jupiter	50 50 50	50 50 50	5	sphere	210000000000000	0.0002288085	24687239	-792.44	150.398	0.308	-792.440	2001	0	0	0	0	0	0	0	0.041608376	0.569051424	0	0.379361319	0.584112343	NA	NA	NA
s2003j2	moon	2	63	jupiter	50 50 50	50 50 50	2	sphere	15000000000000	0.0001021467	30290846	-1077.02	153.521	0.188	-1077.020	2003	0	0	0	0	0	0	0	0.391405306	0.927660853	0	0.52609175	0.470732846	NA	NA	NA
saturn	gasplanet	1	6	sun	255 228 196	100 100 100	120531	sphere	568686720000000000000000000	1.0662652372	1427163847	10752.9	5.510	0.054	0.430	NA	1013000	0	0	0	30390	972480	0	0.003165268	0.713397598	0	0.981120054	0.802823003	ok	Would benefit a lot from shading	NA
pan	moon	2	1	saturn	50 50 50	50 50 50	30	iregular	1457614678899080000	0.0441156931	133584	0.57505	0.001	0.038	0.575	1990	0	0	0	0	0	0	0	0.003698339	0.569096224	0	0.024193255	0.887501186	NA	NA	NA
daphnis	moon	2	2	saturn	50 50 50	50 50 50	7	sphere	340110091743119000	0.1890672561	136505	0.59408	0.000	0.087	0.594	2005	0	0	0	0	0	0	0	0.004822303	0.7834337	0	0.464024174	0.44342613	NA	NA	NA
atlas	moon	2	3	saturn	50 50 50	50 50 50	31	iregular	1506201834862390000	0.0426926062	137670	0.60169	0.003	0.097	0.602	1980	0	0	0	0	0	0	0	0.004340137	0.193599972	0	0.389712003	0.121288344	NA	NA	NA
prometheus	moon	2	4	saturn	50 50 50	50 50 50	86	iregular	4178495412844040000	0.0153891953	139380	0.61299	0.008	0.025	0.613	1980	0	0	0	0	0	0	0	0.002913422	0.36582749	0	0.455242504	0.562251603	NA	NA	NA
pandora	moon	2	5	saturn	50 50 50	50 50 50	81	iregular	3935559633027520000	0.0163391456	141720	0.6285	0.050	0.039	0.629	1980	0	0	0	0	0	0	0	0.003618818	0.525801732	0	0.24842925	0.64123424	NA	NA	NA
epimetheus	moon	2	6	saturn	50 50 50	50 50 50	113	iregular	5490348623853210000	0.0117121309	151422	0.69433	0.335	0.002	0.694	1980	0	0	0	0	0	0	0	0.003668952	0.728279083	0	0.329707336	0.822032573	NA	NA	NA
janus	moon	2	7	saturn	50 50 50	50 50 50	179	iregular	8697100917431190000	0.0073936916	151472	0.69466	0.165	0.080	0.695	1966	0	0	0	0	0	0	0	0.002887694	0.514625969	0	0.416524565	0.648036168	NA	NA	NA
mimas	moon	2	8	saturn	50 50 50	50 50 50	397	iregular	19289100917431200000	0.0033336796	185404	0.942422	1.566	0.010	0.942	1789	0	0	0	0	0	0	0	0.004220885	0.586458398	0	0.546904958	0.936713575	NA	Looks ok, a little funny in the craters	NA
methone	moon	2	9	saturn	50 50 50	50 50 50	3	sphere	145761467889908000	0.4411569308	194440	1.00957	0.007	0.011	1.010	2004	0	0	0	0	0	0	0	0.005465691	0.942575299	0	0.66558984	0.526513744	NA	NA	NA
anthe	moon	2	10	saturn	50 50 50	50 50 50	2	sphere	97174311926605500	0.6617353962	197700	1.0365	0.100	0.090	1.037	2007	0	0	0	0	0	0	0	0.004814747	0.402918148	0	0.926829005	0.556213426	NA	NA	NA
pallene	moon	2	11	saturn	50 50 50	50 50 50	4	sphere	194348623853211000	0.3308676981	212280	1.15375	0.181	0.031	1.154	2004	0	0	0	0	0	0	0	0.005953118	0.400530875	0	0.590994549	0.79950418	NA	NA	NA
enceladus	moon	2	12	saturn	50 50 50	50 50 50	504	iregular	24487926605504600000	0.0026259341	237950	1.370218	0.010	0.015	1.370	1789	0	0	0	0	0	0	0	0.006151905	0.778710615	0	0.62645896	0.938237121	NA	NA	NA
tethys	moon	2	13	saturn	196 196 196	50 50 50	1066	iregular	51793908256880700000	0.0012415298	294619	1.887802	0.168	0.036	1.888	1684	0	0	0	0	0	0	0	0.00600406	0.810117442	0	0.597200321	0.609980433	NA	Looks ok, would benefit a lot from shading	NA
telesto	moon	2	14	saturn	50 50 50	50 50 50	24	iregular	1166091743119270000	0.0551446163	294619	1.987802	1.158	0.058271387	1.987802	1980	0	0	0	0	0	0	0	0.004264906	0.864049531	0	0.049134827	0.476388229	NA	NA	NA
calypso	moon	2	15	saturn	50 50 50	50 50 50	21	iregular	1020330275229360000	0.0630224187	294619	1.987802	1.473	0.054416948	1.987802	1980	0	0	0	0	0	0	0	0.007176231	0.33126014	0	0.372138923	0.577093121	NA	NA	NA
dione	moon	2	16	saturn	143 143 143	50 50 50	1124	iregular	54611963302752300000	0.0011774651	377396	2.736915	0.002	0.08915067	2.736915	1684	0	0	0	0	0	0	0	0.006668271	0.635844136	0	0.340751702	0.263441354	NA	Look ok. Consider deleting orbit sisters, it is difficult to find this	NA
helene	moon	2	17	saturn	50 50 50	50 50 50	33	iregular	1603376146788990000	0.0401051755	377396	2.746915	0.212	0.023251031	2.736915	1980	0	0	0	0	0	0	0	0.005732071	0.483122312	0	0.428833943	0.120847065	NA	NA	NA
polydeuces	moon	2	18	saturn	50 50 50	50 50 50	35	iregular	1700550458715600000	0.0378134512	377396	2.756915	0.177	0.022249396	2.736915	2004	0	0	0	0	0	0	0	0.006770598	0.194956548	0	0.444239171	0.611059777	NA	NA	NA
rhea	moon	2	19	saturn	219 219 219	50 50 50	1529	iregular	74289761467889900000	0.0008655793	527108	4.518212	0.327	0.058307779	4.518212	1672	0	0	0	0	0	0	0	0.011393219	0.329110787	0	0.677930448	0.275628894	NA	Looks very nice	NA
titan	moon	2	20	saturn	209 209 209	50 50 50	5151	sphere	250272440366973000000	0.0002569347	1221930	15.94542	1.634	0.018036852	15.94542	1655	0	0	0	0	0	0	0	0.013658524	0.948498471	0	0.088502981	0.358063558	NA	Looks very nice	NA
hyperion	moon	2	21	saturn	50 50 50	50 50 50	292	iregular	14187449541284400000	0.0045324342	1481010	21.27661	0.568	0.093003604	21.27661	1848	0	0	0	0	0	0	0	0.017550601	0.624299186	0	0.043557663	0.137268742	NA	NA	NA
iapetus	moon	2	22	saturn	135 135 135	50 50 50	1472	iregular	71520293577981700000	0.0008990970	3560820	79.3215	7.570	0.06039197	79.3215	1671	0	0	0	0	0	0	0	0.041588915	0.673633423	0	0.066418229	0.735412863	NA	Looks very nice	NA
kiviuq	moon	2	23	saturn	50 50 50	50 50 50	16	sphere	777394495412844000	0.0827169245	11294800	448.16	49.087	0.06573641	448.16	2000	0	0	0	0	0	0	0	0.031381893	0.160218913	0	0.072915011	0.517254845	NA	NA	NA
ijiraq	moon	2	24	saturn	50 50 50	50 50 50	12	sphere	583045871559633000	0.1102892327	11355316	451.77	50.212	0.0975849	451.77	2000	0	0	0	0	0	0	0	0.027281171	0.506998359	0	0.736461162	0.384518132	NA	NA	NA
phoebe	moon	2	25	saturn	50 50 50	50 50 50	220	iregular	10689174311926600000	0.0060157763	12869700	-545.09	173.047	0.033301154	-545.09	1899	0	0	0	0	0	0	0	0.043001752	0.435838785	0	0.781519811	0.450311865	NA	NA	NA
paaliaq	moon	2	26	saturn	50 50 50	50 50 50	22	sphere	1068917431192660000	0.0601577633	15103400	692.98	46.151	0.038021745	692.98	2000	0	0	0	0	0	0	0	0.026461058	0.047822063	0	0.766938902	0.31470678	NA	NA	NA
skathi	moon	2	27	saturn	50 50 50	50 50 50	8	sphere	388697247706422000	0.1654338490	15672500	-732.52	149.084	0.049435318	-732.52	2000	0	0	0	0	0	0	0	0.04570523	0.765260545	0	0.967742022	0.122568658	NA	NA	NA
albiorix	moon	2	28	saturn	50 50 50	50 50 50	32	sphere	1554788990825690000	0.0413584623	16266700	774.58	38.042	0.058145587	774.58	2000	0	0	0	0	0	0	0	0.046751471	0.02830264	0	0.153323406	0.631764124	NA	NA	NA
s2007s2	moon	2	29	saturn	50 50 50	50 50 50	6	sphere	291522935779817000	0.2205784654	16560000	-792.96	176.680	0.041011527	-792.96	2007	0	0	0	0	0	0	0	0.051225616	0.35795844	0	0.079402326	0.822337862	NA	NA	NA
bebhionn	moon	2	30	saturn	50 50 50	50 50 50	6	sphere	291522935779817000	0.2205784654	17153520	838.77	40.484	0.069534468	838.77	2004	0	0	0	0	0	0	0	0.03381262	0.47107174	0	0.750351566	0.23643963	NA	NA	NA
erriapus	moon	2	31	saturn	50 50 50	50 50 50	10	sphere	485871559633028000	0.1323470792	17236900	844.89	38.109	0.018475744	844.89	2000	0	0	0	0	0	0	0	0.038073491	0.966276602	0	0.832520492	0.188446394	NA	NA	NA
skoll	moon	2	32	saturn	50 50 50	50 50 50	6	sphere	291522935779817000	0.2205784654	17473800	-862.37	155.624	0.016423689	-862.37	2006	0	0	0	0	0	0	0	0.051761499	0.340606563	0	0.838263507	0.827364207	NA	NA	NA
siarnaq	moon	2	33	saturn	50 50 50	50 50 50	40	sphere	1943486238532110000	0.0330867698	17776600	884.88	45.798	0.08935216	884.88	2000	0	0	0	0	0	0	0	0.050696827	0.083341777	0	0.490397746	0.635270969	NA	NA	NA
tarqeq	moon	2	34	saturn	50 50 50	50 50 50	7	sphere	340110091743119000	0.1890672561	17910600	894.86	49.904	0.034985191	894.86	2007	0	0	0	0	0	0	0	0.046357451	0.380735566	0	0.907958714	0.53964065	NA	NA	NA
s2004s13	moon	2	35	saturn	50 50 50	50 50 50	6	sphere	291522935779817000	0.2205784654	18056300	-905.85	167.379	0.075618751	-905.85	2004	0	0	0	0	0	0	0	0.052355283	0.32518009	0	0.843479254	0.624531926	NA	NA	NA
greip	moon	2	36	saturn	50 50 50	50 50 50	6	sphere	291522935779817000	0.2205784654	18065700	-906.56	172.666	0.037621614	-906.56	2006	0	0	0	0	0	0	0	0.053806697	0.737079338	0	0.53526004	0.841235326	NA	NA	NA
hyrrokkin	moon	2	37	saturn	50 50 50	50 50 50	8	sphere	388697247706422000	0.1654338490	18168300	-914.29	153.272	0.001012484	-914.29	2006	0	0	0	0	0	0	0	0.042519886	0.193604297	0	0.68913152	0.992213486	NA	NA	NA
jarnsaxa	moon	2	38	saturn	50 50 50	50 50 50	6	sphere	291522935779817000	0.2205784654	18556900	-943.78	162.861	0.032948067	-943.78	2006	0	0	0	0	0	0	0	0.03326077	0.683149691	0	0.763114432	0.467337609	NA	NA	NA
tarvos	moon	2	39	saturn	50 50 50	50 50 50	15	sphere	728807339449541000	0.0882313862	18562800	944.23	34.679	0.096337232	944.23	2000	0	0	0	0	0	0	0	0.051922172	0.123677519	0	0.884334461	0.98129325	NA	NA	NA
mundilfari	moon	2	40	saturn	50 50 50	50 50 50	7	sphere	340110091743119000	0.1890672561	18725800	-956.7	169.378	0.005657696	-956.7	2000	0	0	0	0	0	0	0	0.044044672	0.802622926	0	0.876808689	0.82010522	NA	NA	NA
s2006s1	moon	2	41	saturn	50 50 50	50 50 50	6	sphere	291522935779817000	0.2205784654	18930200	-972.41	154.232	0.012852076	-972.41	2006	0	0	0	0	0	0	0	0.056422195	0.073508749	0	0.509129971	0.140662401	NA	NA	NA
s2004s17	moon	2	42	saturn	50 50 50	50 50 50	4	sphere	194348623853211000	0.3308676981	19099200	-985.45	166.881	0.078054496	-985.45	2004	0	0	0	0	0	0	0	0.035467952	0.198790177	0	0.462627031	0.539566182	NA	NA	NA
bergelmir	moon	2	43	saturn	50 50 50	50 50 50	6	sphere	291522935779817000	0.2205784654	19104000	-985.83	157.384	0.079052739	-985.83	2004	0	0	0	0	0	0	0	0.057264659	0.548263385	0	0.329255483	0.939271241	NA	NA	NA
narvi	moon	2	44	saturn	50 50 50	50 50 50	7	sphere	340110091743119000	0.1890672561	19395200	-1008.45	137.292	0.070754593	-1008.45	2003	0	0	0	0	0	0	0	0.043365531	0.920281448	0	0.744755649	0.276438241	NA	NA	NA
suttungr	moon	2	45	saturn	50 50 50	50 50 50	7	sphere	340110091743119000	0.1890672561	19579000	-1022.82	174.321	0.09261869	-1022.82	2000	0	0	0	0	0	0	0	0.038230039	0.808098379	0	0.213036052	0.133496469	NA	NA	NA
hati	moon	2	46	saturn	50 50 50	50 50 50	6	sphere	291522935779817000	0.2205784654	19709300	-1033.05	163.131	0.028615112	-1033.05	2004	0	0	0	0	0	0	0	0.057319632	0.711539344	0	0.340521465	0.294198367	NA	NA	NA
s2004s12	moon	2	47	saturn	50 50 50	50 50 50	5	sphere	242935779816514000	0.2646941585	19905900	-1048.54	164.042	0.050870928	-1048.54	2004	0	0	0	0	0	0	0	0.030773427	0.306016129	0	0.790274076	0.831925075	NA	NA	NA
farbauti	moon	2	48	saturn	50 50 50	50 50 50	5	sphere	242935779816514000	0.2646941585	19984800	-1054.78	158.361	0.03065492	-1054.78	2004	0	0	0	0	0	0	0	0.04608679	0.34444028	0	0.044962498	0.923646502	NA	NA	NA
thrymr	moon	2	49	saturn	50 50 50	50 50 50	7	sphere	340110091743119000	0.1890672561	20278100	-1078.09	174.524	0.068234848	-1078.09	2000	0	0	0	0	0	0	0	0.041005666	0.223926676	0	0.64776345	0.642966197	NA	NA	NA
aegir	moon	2	50	saturn	50 50 50	50 50 50	6	sphere	291522935779817000	0.2205784654	20482900	-1094.46	167.425	0.056258702	-1094.46	2004	0	0	0	0	0	0	0	0.032997188	0.962981291	0	0.404178479	0.718926641	NA	NA	NA
s2007s3	moon	2	51	saturn	50 50 50	50 50 50	5	sphere	242935779816514000	0.2646941585	20518500	-1100	177.220	0.017299269	-1100	2007	0	0	0	0	0	0	0	0.034875351	0.924648683	0	0.372868017	0.371718207	NA	NA	NA
bestla	moon	2	52	saturn	50 50 50	50 50 50	7	sphere	340110091743119000	0.1890672561	20570000	-1101.45	147.395	0.015384527	-1101.45	2004	0	0	0	0	0	0	0	0.033047889	0.515206653	0	0.471575131	0.235113596	NA	NA	NA
s2004s7	moon	2	53	saturn	50 50 50	50 50 50	6	sphere	291522935779817000	0.2205784654	20576700	-1101.99	165.596	0.017714444	-1101.99	2004	0	0	0	0	0	0	0	0.054077617	0.594087024	0	0.763928122	0.038173976	NA	NA	NA
s2006s3	moon	2	54	saturn	50 50 50	50 50 50	6	sphere	291522935779817000	0.2205784654	21076300	-1142.37	150.817	0.059613818	-1142.37	2006	0	0	0	0	0	0	0	0.057692201	0.866093195	0	0.658341066	0.670187252	NA	NA	NA
fenrir	moon	2	55	saturn	50 50 50	50 50 50	4	sphere	194348623853211000	0.3308676981	21930644	-1212.53	162.832	0.018115782	-1212.53	2004	0	0	0	0	0	0	0	0.05148103	0.304868783	0	0.380141236	0.762185592	NA	NA	NA
surtur	moon	2	56	saturn	50 50 50	50 50 50	6	sphere	291522935779817000	0.2205784654	22288916	-1242.36	166.918	0.028796273	-1242.36	2006	0	0	0	0	0	0	0	0.052840769	0.439052897	0	0.722010939	0.395458477	NA	NA	NA
kari	moon	2	57	saturn	50 50 50	50 50 50	7	sphere	340110091743119000	0.1890672561	22321200	-1245.06	148.384	0.071293371	-1245.06	2006	0	0	0	0	0	0	0	0.043462831	0.460953188	0	0.049752038	0.851632104	NA	NA	NA
ymir	moon	2	58	saturn	50 50 50	50 50 50	18	sphere	874568807339450000	0.0735261551	22429673	-1254.15	172.143	0.029485986	-1254.15	2000	0	0	0	0	0	0	0	0.038088271	0.742538583	0	0.829516277	0.998280527	NA	NA	NA
loge	moon	2	59	saturn	50 50 50	50 50 50	6	sphere	291522935779817000	0.2205784654	22984322	-1300.95	166.539	0.026425125	-1300.95	2006	0	0	0	0	0	0	0	0.036820831	0.118796867	0	0.313518932	0.260040598	NA	NA	NA
fornjot	moon	2	60	saturn	50 50 50	50 50 50	6	sphere	291522935779817000	0.2205784654	24504879	-1432.16	167.886	0.021088048	-1432.16	2004	0	0	0	0	0	0	0	0.466562851	0.73921648	0	0.945176037	0.172557846	NA	NA	NA
uranus	gasplanet	1	7	sun	30 144 255	100 100 100	51113	sphere	87214560000000000000000000	0.9093146141	2875271398	30663.65	6.480	0.047	-0.72	1781	1013000	0	0	0	151950	840790	0	0.002371452	0.904892198	0	0.862555834	0.167645753	ok	Would benefit a lot from shading	NA
cordelia	moon	2	1	uranus	50 50 50	50 50 50	42	sphere	50000000000000000	0.0007720836	49751	0.335034	0.085	0.037517772	0.335034	1986	0	0	0	0	0	0	0	0.002272861	0.044973454	0	0.451625513	0.175521228	NA	NA	NA
ophelia	moon	2	2	uranus	50 50 50	50 50 50	46	sphere	51000000000000000	0.0006565191	53764	0.3764	0.104	0.001310512	0.3764	1986	0	0	0	0	0	0	0	0.00247816	0.318431937	0	0.6292498	0.385150165	NA	NA	NA
bianca	moon	2	3	uranus	50 50 50	50 50 50	54	sphere	92000000000000000	0.0008593957	59165	0.434579	0.193	0.013203285	0.434579	1986	0	0	0	0	0	0	0	0.001744346	0.072014634	0	0.395683469	0.738541916	NA	NA	NA
cressida	moon	2	4	uranus	50 50 50	50 50 50	82	sphere	340000000000000000	0.0013773493	61766	0.46357	0.006	0.098498912	0.46357	1986	0	0	0	0	0	0	0	0.002673604	0.487570013	0	0.747298831	0.497946955	NA	NA	NA
desdemona	moon	2	5	uranus	50 50 50	50 50 50	68	sphere	230000000000000000	0.0013548864	62658	0.47365	0.111	0.074366817	0.47365	1986	0	0	0	0	0	0	0	0.002765857	0.999232619	0	0.764539367	0.259935363	NA	NA	NA
juliet	moon	2	6	uranus	50 50 50	50 50 50	106	sphere	820000000000000000	0.0019879022	64360	0.493065	0.065	0.077187703	0.493065	1986	0	0	0	0	0	0	0	0.001988733	0.310221528	0	0.488265347	0.366370223	NA	NA	NA
portia	moon	2	7	uranus	50 50 50	50 50 50	140	sphere	1700000000000000000	0.0023625757	66097	0.513196	0.059	0.098840432	0.513196	1986	0	0	0	0	0	0	0	0.002909291	0.169267246	0	0.673364861	0.291312328	NA	NA	NA
rosalind	moon	2	8	uranus	50 50 50	50 50 50	72	sphere	250000000000000000	0.0013136144	69927	0.55846	0.279	0.045916253	0.55846	1986	0	0	0	0	0	0	0	0.003467766	0.894909612	0	0.491271801	0.357598409	NA	NA	NA
cupid	moon	2	9	uranus	50 50 50	50 50 50	18	sphere	3800000000000000	0.0003194710	74800	0.618	0.100	0.035219434	0.618	2003	0	0	0	0	0	0	0	0.002677963	0.403336957	0	0.66010243	0.177947383	NA	NA	NA
belinda	moon	2	10	uranus	50 50 50	50 50 50	90	sphere	490000000000000000	0.0016477979	75255	0.623527	0.031	0.058194671	0.623527	1986	0	0	0	0	0	0	0	0.00277551	0.482241522	0	0.624808896	0.339929612	NA	NA	NA
perdita	moon	2	11	uranus	50 50 50	50 50 50	30	sphere	18000000000000000	0.0005447822	76420	0.638	0.000	0.017979365	0.638	1986	0	0	0	0	0	0	0	0.003266131	0.917648056	0	0.199648325	0.85137129	NA	NA	NA
puck	moon	2	12	uranus	50 50 50	50 50 50	162	sphere	2900000000000000000	0.0030099609	86004	0.761833	0.319	0.021184229	0.761833	1985	0	0	0	0	0	0	0	0.002959693	0.284344592	0	0.733640891	0.411698191	NA	NA	NA
mab	moon	2	13	uranus	50 50 50	50 50 50	25	sphere	10000000000000000	0.0004358257	97734	0.923	0.134	0.059277999	0.923	2003	0	0	0	0	0	0	0	0.003927711	0.073450007	0	0.641752209	0.620408735	NA	NA	NA
miranda	moon	2	14	uranus	120 120 120	50 50 50	471	sphere	66000000000000000000	0.0081039174	129390	1.413479	4.232	0.082910335	1.413479	1948	0	0	0	0	0	0	0	0.003604557	0.591424193	0	0.6176013	0.857461395	NA	Looks ok	NA
ariel	moon	2	15	uranus	140 140 140	50 50 50	1157	sphere	1350000000000000000000	0.0274700806	191020	2.520379	0.260	0.027042772	2.520379	1851	0	0	0	0	0	0	0	0.005921691	0.914379526	0	0.614626316	0.209502242	NA	Looks ok	NA
umbriel	moon	2	16	uranus	140 140 140	50 50 50	1169	sphere	1170000000000000000000	0.0233211371	266300	4.144177	0.205	0.0209118	4.144177	1851	0	0	0	0	0	0	0	0.004637451	0.368587845	0	0.974147697	0.904906858	NA	Looks nice	NA
titania	moon	2	17	uranus	140 140 140	50 50 50	1577	sphere	3350000000000000000000	0.0366922466	435910	8.705872	0.340	0.071511417	8.705872	1787	0	0	0	0	0	0	0	0.006004997	0.77846939	0	0.57064319	0.830862976	NA	Looks ok	NA
oberon	moon	2	18	uranus	50 50 50	50 50 50	1522	sphere	3000000000000000000000	0.0352764466	583520	13.463239	0.058	0.054215183	13.463239	1787	0	0	0	0	0	0	0	0.021290001	0.283641455	0	0.105732755	0.575686438	NA	Had the picture, but decided to remove it because it would take too much work to finish	NA
francisco	moon	2	19	uranus	50 50 50	50 50 50	22	sphere	7200000000000000	0.0004052099	4276000	-266.56	147.459	0.009613889	-266.56	2001	0	0	0	0	0	0	0	0.022339869	0.49000367	0	0.787735794	0.897235245	NA	NA	NA
caliban	moon	2	20	uranus	50 50 50	50 50 50	72	sphere	250000000000000000	0.0013136144	7231000	-579.73	139.885	0.066384233	-579.73	1997	0	0	0	0	0	0	0	0.020342649	0.774737538	0	0.496301149	0.990999785	NA	NA	NA
stephano	moon	2	21	uranus	50 50 50	50 50 50	32	sphere	22000000000000000	0.0005852152	8004000	-677.37	141.873	0.082953344	-677.37	1999	0	0	0	0	0	0	0	0.029291322	0.379127518	0	0.262357893	0.227569721	NA	NA	NA
trinculo	moon	2	22	uranus	50 50 50	50 50 50	18	sphere	3900000000000000	0.0003278782	8504000	-749.24	166.252	0.086584867	-749.24	2001	0	0	0	0	0	0	0	0.043455924	0.594857881	0	0.36694324	0.30661165	NA	NA	NA
sycorax	moon	2	23	uranus	50 50 50	50 50 50	150	sphere	23000000000000000	0.0000278444	12179000	-1288.28	152.456	0.013921178	-1288.28	1997	0	0	0	0	0	0	0	0.037455167	0.765397165	0	0.507048916	0.384801234	NA	NA	NA
margaret	moon	2	24	uranus	50 50 50	50 50 50	20	sphere	5400000000000000	0.0003677280	14345000	1687.01	51.455	0.073433592	1687.01	2003	0	0	0	0	0	0	0	0.04924985	0.541585585	0	0.472710483	0.453745165	NA	NA	NA
prospero	moon	2	25	uranus	50 50 50	50 50 50	50	sphere	85000000000000000	0.0009261297	16256000	-1978.29	146.017	0.001021172	-1978.29	1999	0	0	0	0	0	0	0	0.051618078	0.588069844	0	0.399826259	0.188608173	NA	NA	NA
setebos	moon	2	26	uranus	50 50 50	50 50 50	48	sphere	75000000000000000	0.0008866897	17418000	-2225.21	145.883	0.008367225	-2225.21	1999	0	0	0	0	0	0	0	0.045448382	0.901267285	0	0.810776464	0.446666366	NA	NA	NA
ferdinand	moon	2	27	uranus	50 50 50	50 50 50	20	sphere	5400000000000000	0.0003677280	20901000	-2887.21	167.346	0.076502518	-2887.21	2001	0	0	0	0	0	0	0	0.486569549	0.494008815	0	0.039630518	0.321851145	NA	NA	NA
neptune	gasplanet	1	8	sun	30 144 255	100 100 100	49532	sphere	102745920000000000000000000	1.1407583748	4496912498	60152	6.430	0.0112	60152	1846	1013000	0	0	0	192470	810400	0	0.002744534	0.201017921	0	0.392357091	0.396794169	ok	Would benefit a lot from shading	NA
naiad	moon	2	1	neptune	50 50 50	50 50 50	67	iregular	190000000000000000	0.0011529139	48227	0.294	4.700	0.031333509	0.294	1989	0	0	0	0	0	0	0	0.002136568	0.835516592	0	0.546216541	0.894508044	NA	NA	NA
thalassa	moon	2	2	neptune	50 50 50	50 50 50	83	iregular	350000000000000000	0.0013839001	50075	0.311	0.200	0.073986744	0.311	1989	0	0	0	0	0	0	0	0.002757384	0.741059858	0	0.77169933	0.827858358	NA	NA	NA
despina	moon	2	3	neptune	50 50 50	50 50 50	152	iregular	2100000000000000000	0.0024758538	52526	0.335	0.100	0.044817281	0.335	1989	0	0	0	0	0	0	0	0.002306781	0.178680808	0	0.531104474	0.191819589	NA	NA	NA
galatea	moon	2	4	neptune	50 50 50	50 50 50	175	iregular	2120000000000000000	0.0018856134	61953	0.429	0.100	0.089402307	0.429	1989	0	0	0	0	0	0	0	0.003441554	0.890274117	0	0.168599566	0.45508274	NA	NA	NA
larissa	moon	2	5	neptune	50 50 50	50 50 50	195	iregular	4200000000000000000	0.0030086589	73548	0.555	0.200	0.027898397	0.555	1981	0	0	0	0	0	0	0	0.003094848	0.692976043	0	0.416613693	0.018466513	NA	NA	NA
proteus	moon	2	6	neptune	50 50 50	50 50 50	418	iregular	44000000000000000000	0.0068595085	117647	1.122	0.600	0.035437376	1.122	1989	0	0	0	0	0	0	0	0.0040142	0.804437367	0	0.99811367	0.192480865	NA	NA	NA
triton	moon	2	7	neptune	204 204 204	50 50 50	2707	sphere	21400000000000000000000	0.0795481611	354800	-5.877	156.800	0.097261472	-5.877	1846	0	0	0	0	0	0	0	0.029754179	0.937965086	0	0.889325471	0.619867569	NA	Looks ok	NA
nereid	moon	2	8	neptune	50 50 50	50 50 50	340	sphere	22000000000000000000	0.0051839133	5513400	360.14	27.600	0.095108107	360.14	1949	0	0	0	0	0	0	0	0.031701089	0.145612973	0	0.206476987	0.464595162	NA	NA	NA
halimede	moon	2	9	neptune	50 50 50	50 50 50	60	sphere	90000000000000000	0.0006809777	15728000	-1879.71	0.039	0.015527864	-1879.71	2002	0	0	0	0	0	0	0	0.038731844	0.732399401	0	0.624089972	0.201097089	NA	NA	NA
sao	moon	2	10	neptune	50 50 50	50 50 50	38	sphere	90000000000000000	0.0016977283	22422000	2914.07	0.069	0.018522999	2914.07	2002	0	0	0	0	0	0	0	0.045628167	0.76923826	0	0.999413672	0.360416297	NA	NA	NA
laomedeia	moon	2	11	neptune	50 50 50	50 50 50	38	sphere	90000000000000000	0.0016977283	23571000	3167.85	0.049	0.079495086	3167.85	2002	0	0	0	0	0	0	0	0.063682358	0.80866837	0	0.827932134	0.664658654	NA	NA	NA
psamathe	moon	2	12	neptune	50 50 50	50 50 50	28	sphere	15000000000000000	0.0005211564	46695000	-9115.91	0.072	0.085620495	-9115.91	2003	0	0	0	0	0	0	0	0.073040922	0.350075795	0	0.646873154	0.267235484	NA	NA	NA
neso	moon	2	13	neptune	50 50 50	50 50 50	60	sphere	90000000000000000	0.0006809777	48387000	-9373.99	0.082	0.047645627	-9373.99	2002	0	0	0	0	0	0	0	0.882724858	0.897344295	0	0.283772037	0.661858847	NA	NA	NA
pluto	dwarf planet	1	NA	sun	143 143 143	50 50 50	2390	sphere	13050000000000000000000	0.0622311165	5906376272	90613	17.140	0.2	6.38	1930	1013000	1013000	0	0	0	0	0	0.242266749	0.742648785	0	0.009600012	0.38617025	NA	Looks very nice	NA
ceres	dwarf planet	1	NA	sun	50 50 50	50 50 50	950	sphere	942000000000000000000	0.0284312906	414703838	1679	10.580	0.1	0.3781	1801	0	0	0	0	0	0	0	0.214292057	0.74737534	0	0.990408367	0.129135241	NA	NA	NA
vesta	main belt asteroid	1	NA	sun	50 50 50	50 50 50	531	iregular	25799779816513800000	0.0024924120	353200612	1325	7.100	0.1	0.222	1807	0	0	0	0	0	0	0	0.227397131	0.767761048	0	0.960527318	0.098262045	NA	NA	NA
pallas	main belt asteroid	1	NA	sun	50 50 50	50 50 50	531	iregular	25799779816513800000	0.0024924120	414834942	1686	34.841	0.2	0.3255	1802	0	0	0	0	0	0	0	0.167572571	0.677230554	0	0.090417522	0.994833763	NA	NA	NA
hygiea	main belt asteroid	1	NA	sun	50 50 50	50 50 50	407	iregular	19774972477064200000	0.0032517710	469288573	1638	26.416	0.09	0.27	1849	0	0	0	0	0	0	0	0.245212109	0.35023905	0	0.237286485	0.737007326	NA	NA	NA
davida	main belt asteroid	1	NA	sun	50 50 50	50 50 50	326	iregular	15839412844036700000	0.0040597264	474225303	1604	9.594	0.21	0.25	1903	0	0	0	0	0	0	0	0.219923314	0.882104291	0	0.346815425	0.229991778	NA	NA	NA
interamnia	main belt asteroid	1	NA	sun	50 50 50	50 50 50	317	iregular	15402128440367000000	0.0041749867	458816721	1404	29.445	0.10	0.28	1910	0	0	0	0	0	0	0	0.253419436	0.694880593	0	0.509981878	0.077278517	NA	NA	NA
sylvia	main belt asteroid	1	NA	sun	50 50 50	50 50 50	286	iregular	13895926605504600000	0.0046275203	522096627	1335	26.606	0.21	0.31	1866	0	0	0	0	0	0	0	0.167978576	0.026704382	0	0.193284461	0.086275862	NA	NA	NA
euphrosyne	main belt asteroid	1	NA	sun	50 50 50	50 50 50	256	iregular	12438311926605500000	0.0051698078	470934150	1443	22.247	0.15	0.28	1854	0	0	0	0	0	0	0	0.199566899	0.938436215	0	0.794591188	0.855100726	NA	NA	NA
eunomia	main belt asteroid	1	NA	sun	50 50 50	50 50 50	255	iregular	12389724770642200000	0.0051900815	395836010	1430	26.803	0.13	0.28	1851	0	0	0	0	0	0	0	0.198547739	0.968176084	0	0.452794885	0.478799138	NA	NA	NA
cybele	main belt asteroid	1	NA	sun	50 50 50	50 50 50	237	iregular	11515155963302800000	0.0055842649	514167939	1612	28.873	0.15	0.31	1861	0	0	0	0	0	0	0	0.23355725	0.079761171	0	0.066137725	0.777825568	NA	NA	NA
juno	main belt asteroid	1	NA	sun	50 50 50	50 50 50	236	iregular	11466568807339500000	0.0056079271	399127164	1683	17.907	0.09	0.23	1804	0	0	0	0	0	0	0	0.168498771	0.485740498	0	0.510448246	0.669379317	NA	NA	NA
psyche	main belt asteroid	1	NA	sun	50 50 50	50 50 50	230	iregular	11175045871559600000	0.0057542208	436676234	1494	28.687	0.22	0.23	1852	0	0	0	0	0	0	0	0.239095222	0.510083157	0	0.62862645	0.344762657	NA	NA	NA
bamberga	main belt asteroid	1	NA	sun	50 50 50	50 50 50	229	iregular	11126458715596300000	0.0057793484	401221534	1484	23.350	0.11	0.29	1892	0	0	0	0	0	0	0	0.183957999	0.629041548	0	0.409702454	0.69312458	NA	NA	NA
camilla	main belt asteroid	1	NA	sun	50 50 50	50 50 50	215	iregular	10446238532110100000	0.0061556781	520451051	1360	12.597	0.11	0.29	1868	0	0	0	0	0	0	0	0.228996082	0.673534083	0	0.194037799	0.981768663	NA	NA	NA
eugenia	main belt asteroid	1	NA	sun	50 50 50	50 50 50	213	iregular	10349064220183500000	0.0062134779	406906254	1575	13.148	0.13	0.26	1857	0	0	0	0	0	0	0	0.251948896	0.94196368	0	0.803130624	0.978497094	NA	NA	NA
hermione	main belt asteroid	1	NA	sun	50 50 50	50 50 50	158	iregular	7676770642201840000	0.0083763974	514467135	1658	31.113	0.21	0.28	1872	0	0	0	0	0	0	0	0.17202139	0.514605781	0	0.692200817	0.831766552	NA	NA	NA
baptistina	main belt asteroid	1	NA	sun	50 50 50	50 50 50	25	iregular	1214678899082570000	0.0529388317	338683000	1244	6.250	0.1	0.33	1890	0	0	0	0	0	0	0	0	0.160950966	0	0.006377403	0.803738914	NA	NA	NA
